OA: 2.7871621621621623
AA: 6.911552779510526
Kappa: -0.004552531018540362