OA: 51.689189189189186
AA: 58.15986082388699
Kappa: 0.4834875693451923