OA: 13.058035714285715
AA: 13.022584117822214
Kappa: 0.02158313720157945