OA: 16.964285714285715
AA: 16.98854760759523
Kappa: 0.06549827783673312